1.617265748846779427e+00,2.364802115309723451e-01,3.823557716077241597e-01,4.264255342874642141e-01,3.128886545289059073e-01,3.129523188233324094e-01,2.610655680887974395e-01,1.741280833463998978e-01,1.180726980132107001e-01,4.286981852954520056e-01,5.159263857983260593e-01,5.848317427299281057e-01,6.514742069317339679e-01,5.199597118911141180e-01,5.229446751542334848e-01,4.357848645894715212e-01,2.923307866687656076e-01,1.972060180624740644e-01,3.539355495891827186e-01,5.486257858789841402e-01,7.224786434458817519e-01,7.827683413971960880e-01,6.707726832094480507e-01,6.861222232971624369e-01,5.652084635113319155e-01,3.831264495799089898e-01,2.600884418043604152e-01,3.613505470574653877e-01,5.816697342160039863e-01,7.427869651314161770e-01,8.217451283321869360e-01,7.610697429322221819e-01,7.865634099993720207e-01,6.340997230623993675e-01,4.359702999092577302e-01,2.981604796750933484e-01,3.389457345136987487e-01,5.596315832217411135e-01,7.210983020005808930e-01,8.109381487217873774e-01,7.960151038812792734e-01,8.105373646960184475e-01,6.372121928819287628e-01,4.502794184263804178e-01,3.108938518338125734e-01,3.000854542800587277e-01,5.013157563313417331e-01,6.581644631049811123e-01,7.499693430466074506e-01,7.503014425045155811e-01,7.456154553037549482e-01,5.801739934207799099e-01,4.289074925278449912e-01,2.959770798861929841e-01,2.503620910561606960e-01,4.128570477448043063e-01,5.476142292628791708e-01,6.276302492860243998e-01,6.285818396227929039e-01,6.178342355847541434e-01,4.884112779298990792e-01,3.782280014883075414e-01,2.527323343007470413e-01,1.815309049964180244e-01,2.970816499309797964e-01,3.984288035793187022e-01,4.603730321361738653e-01,4.600042640951755857e-01,4.547308834092957386e-01,3.676329516376294904e-01,2.899504701926927108e-01,1.808705235676785761e-01,1.032674918982138257e-01,1.662346585963264678e-01,2.247774958178066218e-01,2.627662989037263253e-01,2.584418850594090156e-01,2.580430574228285701e-01,2.083486452793069377e-01,1.624419727425596705e-01,9.350599572946850790e-02
2.364802115309723451e-01,1.874073549330733224e+00,5.349499700894435605e-01,6.472976247683402962e-01,6.597869646649118236e-01,5.213905227875387238e-01,4.411624446001797262e-01,3.342117309830823224e-01,1.741280833464011191e-01,5.152055102794071972e-01,8.413987583703774753e-01,9.968236649477029143e-01,1.031868523883486599e+00,1.042858891054296411e+00,8.604920785472074396e-01,7.453856884506832037e-01,5.624449020446448122e-01,2.917230685052055739e-01,5.491310824677129165e-01,8.771257412929556185e-01,1.162415248110160393e+00,1.301747235902053657e+00,1.295922231560017401e+00,1.110435839120635038e+00,9.778417065026284716e-01,7.336801867898028462e-01,3.827623108068972102e-01,5.817547222915646632e-01,9.652468647556246006e-01,1.266268129199826564e+00,1.388864460641508813e+00,1.408206261303132756e+00,1.260294681264918726e+00,1.116578075245626689e+00,8.270045430275371201e-01,4.363325918696913108e-01,5.597065367009201875e-01,9.494316353270353392e-01,1.237401401677078017e+00,1.367647261718916596e+00,1.418779636075175876e+00,1.313143190943758754e+00,1.148824696618983010e+00,8.371376886536494588e-01,4.515141157502179370e-01,5.022749277514310107e-01,8.576791606884017760e-01,1.121318153896784242e+00,1.259096465049110547e+00,1.328261516880547388e+00,1.238993884429199221e+00,1.061174161260105331e+00,7.695461130027084762e-01,4.309155967938323450e-01,4.137978135719674322e-01,7.148819605303590174e-01,9.387483400033574954e-01,1.059739268534383161e+00,1.119900661517044593e+00,1.039417332371090019e+00,8.812662465251319688e-01,6.510939055606110859e-01,3.818646962325201732e-01,2.967846744091869882e-01,5.229589939330911985e-01,6.900884004474052702e-01,7.770653834828468165e-01,8.198731417687373790e-01,7.598519332784737790e-01,6.487920588745008654e-01,4.919443735936767093e-01,2.936092905095899486e-01,1.654230638171414747e-01,2.931292001812862980e-01,3.887768402857459948e-01,4.363722823316041333e-01,4.635471002683999586e-01,4.307771483800522661e-01,3.713490214609409534e-01,2.827236032134586852e-01,1.636233322980915617e-01
3.823557716077241597e-01,5.349499700894435605e-01,2.135547719938284406e+00,7.681941628003017275e-01,8.548785423835918440e-01,7.884669150656409276e-01,5.951368822170122197e-01,4.411624446001783384e-01,2.610655680887977170e-01,5.885311450537737965e-01,9.974747542715144411e-01,1.284922506176950252e+00,1.390549543240669816e+00,1.372154342800781635e+00,1.264673891643113723e+00,9.864422171392026595e-01,7.440789506812339749e-01,4.358836374179699269e-01,7.263330110152282915e-01,1.162080466430783998e+00,1.453664793179050729e+00,1.678333189787003743e+00,1.740649322545743560e+00,1.586890249481726523e+00,1.278463616632847799e+00,9.777565817302616979e-01,5.649926930112377788e-01,7.430536725582980173e-01,1.264976804698705992e+00,1.610416291266752564e+00,1.854937044001138791e+00,1.886206157018001317e+00,1.738135458391376842e+00,1.453582510120098092e+00,1.117880895063156688e+00,6.330868851967628164e-01,7.206794889758378897e-01,1.236826972983507744e+00,1.597585718868874904e+00,1.846192495886188834e+00,1.881456394694238865e+00,1.757095800691009790e+00,1.512443954077450803e+00,1.149996316903087346e+00,6.351946272616558753e-01,6.582250473674275959e-01,1.121453781244589054e+00,1.460339415563438159e+00,1.698436648835472962e+00,1.744640419015330624e+00,1.645324028333809308e+00,1.427064235296636285e+00,1.062101867190047511e+00,5.767280478387903919e-01,5.471340458968864118e-01,9.386163184661678871e-01,1.227692913375224570e+00,1.429110928125941093e+00,1.469801588288760286e+00,1.387011056393581132e+00,1.200954607218218007e+00,8.831157719014711693e-01,4.865177238398996629e-01,3.978462631985372200e-01,6.896171705213928194e-01,9.019852778147542383e-01,1.047684465673410337e+00,1.076697708601513925e+00,1.016119259151933463e+00,8.816010470582464897e-01,6.506354596395362844e-01,3.684378806958877317e-01,2.241097486195618160e-01,3.884376566935359154e-01,5.055350616117071372e-01,5.887767660193597985e-01,6.085850547296264290e-01,5.769347096994754676e-01,5.024678102847797145e-01,3.716496913617956532e-01,2.094425317818627286e-01
4.264255342874642141e-01,6.472976247683402962e-01,7.681941628003017275e-01,2.343206895112401877e+00,8.969051959823675091e-01,9.294703154766892350e-01,7.884669150656465897e-01,5.213905227875446080e-01,3.129523188233359621e-01,6.524936555157296869e-01,1.031035125718424483e+00,1.390544853616398013e+00,1.625834684568898458e+00,1.611662972034418662e+00,1.498399179953267435e+00,1.264098127904732971e+00,8.600115234390148800e-01,5.246985239779338173e-01,7.822395553359773324e-01,1.299760237391676343e+00,1.678435025123153901e+00,1.894174365768358514e+00,1.968737740862138708e+00,1.908525828593343077e+00,1.586855606543753572e+00,1.109868075796145215e+00,6.886649304130242344e-01,8.192491825492101976e-01,1.386783818040741689e+00,1.855039574780683154e+00,2.109092590657970501e+00,2.184429855416576416e+00,2.079715406495122210e+00,1.739424269500170706e+00,1.259616160428343790e+00,7.892110438707478082e-01,8.103330739555374418e-01,1.367619860843999113e+00,1.846693950035680265e+00,2.111143855426062643e+00,2.183902706550022277e+00,2.081820229218484641e+00,1.758631860145634107e+00,1.311136942615316991e+00,8.135170123747759163e-01,7.502317938141762621e-01,1.260144698631686877e+00,1.699246777927884366e+00,1.944671210476596857e+00,2.015274757232660807e+00,1.934204967800046582e+00,1.645995190793342333e+00,1.235574713032170591e+00,7.461018681834347133e-01,6.272959112282219252e-01,1.060276975629581564e+00,1.429596224535969018e+00,1.637013027307321122e+00,1.696780752844523343e+00,1.632535172412348468e+00,1.387430268783915066e+00,1.037074614960602270e+00,6.167252281936703717e-01,4.602787067317942182e-01,7.768792346826789430e-01,1.047726798844369478e+00,1.201732281059798346e+00,1.244820577840907827e+00,1.199221186600998967e+00,1.016679051774095344e+00,7.593298405636554893e-01,4.547884323835211240e-01,2.623551651896999237e-01,4.364977942726549487e-01,5.888595943132485244e-01,6.780064582810451101e-01,7.021387000256174016e-01,6.801495894181116553e-01,5.767451268626568872e-01,4.309458218651797679e-01,2.580306547300224018e-01
3.128886545289059073e-01,6.597869646649118236e-01,8.548785423835918440e-01,8.969051959823675091e-01,2.418116848062866531e+00,8.969051959823686193e-01,8.548785423835960628e-01,6.597869646649188180e-01,3.128886545289107368e-01,5.181370207858225774e-01,1.044488920633238838e+00,1.372322509071884689e+00,1.611521799678751421e+00,1.752416920135302592e+00,1.611521799678751421e+00,1.372322509071884689e+00,1.044488920633238838e+00,5.181370207858225774e-01,6.677587428152265137e-01,1.297741362264432041e+00,1.740657164642922750e+00,1.968550780052090943e+00,2.061990141084996786e+00,1.968550780052090943e+00,1.740657164642922750e+00,1.297741362264432041e+00,6.677587428152265137e-01,7.591120689894481632e-01,1.410005329640261262e+00,1.885854586596115823e+00,2.184713702191165119e+00,2.302668266860794510e+00,2.184713702191165119e+00,1.885854586596115823e+00,1.410005329640261262e+00,7.591120689894481632e-01,7.975167833524100525e-01,1.420819323053069461e+00,1.881010837390122870e+00,2.184971929133583401e+00,2.312497468337513240e+00,2.184971929133583401e+00,1.881010837390122870e+00,1.420819323053069461e+00,7.975167833524100525e-01,7.522658380710325332e-01,1.329516284191444075e+00,1.743542194097666753e+00,2.015701707845236612e+00,2.134974114530186817e+00,2.015701707845236612e+00,1.743542194097666753e+00,1.329516284191444075e+00,7.522658380710325332e-01,6.291823021972290375e-01,1.120633726409201225e+00,1.468876410301433122e+00,1.696699753806787614e+00,1.800060379702176805e+00,1.696699753806787614e+00,1.468876410301433122e+00,1.120633726409201225e+00,6.291823021972290375e-01,4.604194229084949685e-01,8.201784571848339533e-01,1.076797389475748323e+00,1.245224998595091614e+00,1.324903025108317811e+00,1.245224998595091614e+00,1.076797389475748323e+00,8.201784571848339533e-01,4.604194229084949685e-01,2.584348043084880309e-01,4.634945296505599832e-01,6.086906271819606529e-01,7.020788060281792919e-01,7.495954837242003732e-01,7.020788060281792919e-01,6.086906271819606529e-01,4.634945296505599832e-01,2.584348043084880309e-01
3.129523188233324094e-01,5.213905227875387238e-01,7.884669150656409276e-01,9.294703154766892350e-01,8.969051959823686193e-01,2.343206895112401877e+00,7.681941628003083888e-01,6.472976247683460693e-01,4.264255342874684329e-01,5.246985239779338173e-01,8.600115234390148800e-01,1.264098127904732971e+00,1.498399179953267435e+00,1.611662972034418662e+00,1.625834684568898458e+00,1.390544853616398013e+00,1.031035125718424483e+00,6.524936555157296869e-01,6.886649304130242344e-01,1.109868075796145215e+00,1.586855606543753572e+00,1.908525828593343077e+00,1.968737740862138708e+00,1.894174365768358514e+00,1.678435025123153901e+00,1.299760237391676343e+00,7.822395553359773324e-01,7.892110438707478082e-01,1.259616160428343790e+00,1.739424269500170706e+00,2.079715406495122210e+00,2.184429855416576416e+00,2.109092590657970501e+00,1.855039574780683154e+00,1.386783818040741689e+00,8.192491825492101976e-01,8.135170123747759163e-01,1.311136942615316991e+00,1.758631860145634107e+00,2.081820229218484641e+00,2.183902706550022277e+00,2.111143855426062643e+00,1.846693950035680265e+00,1.367619860843999113e+00,8.103330739555374418e-01,7.461018681834347133e-01,1.235574713032170591e+00,1.645995190793342333e+00,1.934204967800046582e+00,2.015274757232660807e+00,1.944671210476596857e+00,1.699246777927884366e+00,1.260144698631686877e+00,7.502317938141762621e-01,6.167252281936703717e-01,1.037074614960602270e+00,1.387430268783915066e+00,1.632535172412348468e+00,1.696780752844523343e+00,1.637013027307321122e+00,1.429596224535969018e+00,1.060276975629581564e+00,6.272959112282219252e-01,4.547884323835211240e-01,7.593298405636554893e-01,1.016679051774095344e+00,1.199221186600998967e+00,1.244820577840907827e+00,1.201732281059798346e+00,1.047726798844369478e+00,7.768792346826789430e-01,4.602787067317942182e-01,2.580306547300224018e-01,4.309458218651797679e-01,5.767451268626568872e-01,6.801495894181116553e-01,7.021387000256174016e-01,6.780064582810451101e-01,5.888595943132485244e-01,4.364977942726549487e-01,2.623551651896999237e-01
2.610655680887974395e-01,4.411624446001797262e-01,5.951368822170122197e-01,7.884669150656465897e-01,8.548785423835960628e-01,7.681941628003083888e-01,2.135547719938284406e+00,5.349499700894424503e-01,3.823557716077233271e-01,4.358836374179699269e-01,7.440789506812339749e-01,9.864422171392026595e-01,1.264673891643113723e+00,1.372154342800781635e+00,1.390549543240669816e+00,1.284922506176950252e+00,9.974747542715144411e-01,5.885311450537737965e-01,5.649926930112377788e-01,9.777565817302616979e-01,1.278463616632847799e+00,1.586890249481726523e+00,1.740649322545743560e+00,1.678333189787003743e+00,1.453664793179050729e+00,1.162080466430783998e+00,7.263330110152282915e-01,6.330868851967628164e-01,1.117880895063156688e+00,1.453582510120098092e+00,1.738135458391376842e+00,1.886206157018001317e+00,1.854937044001138791e+00,1.610416291266752564e+00,1.264976804698705992e+00,7.430536725582980173e-01,6.351946272616558753e-01,1.149996316903087346e+00,1.512443954077450803e+00,1.757095800691009790e+00,1.881456394694238865e+00,1.846192495886188834e+00,1.597585718868874904e+00,1.236826972983507744e+00,7.206794889758378897e-01,5.767280478387903919e-01,1.062101867190047511e+00,1.427064235296636285e+00,1.645324028333809308e+00,1.744640419015330624e+00,1.698436648835472962e+00,1.460339415563438159e+00,1.121453781244589054e+00,6.582250473674275959e-01,4.865177238398996629e-01,8.831157719014711693e-01,1.200954607218218007e+00,1.387011056393581132e+00,1.469801588288760286e+00,1.429110928125941093e+00,1.227692913375224570e+00,9.386163184661678871e-01,5.471340458968864118e-01,3.684378806958877317e-01,6.506354596395362844e-01,8.816010470582464897e-01,1.016119259151933463e+00,1.076697708601513925e+00,1.047684465673410337e+00,9.019852778147542383e-01,6.896171705213928194e-01,3.978462631985372200e-01,2.094425317818627286e-01,3.716496913617956532e-01,5.024678102847797145e-01,5.769347096994754676e-01,6.085850547296264290e-01,5.887767660193597985e-01,5.055350616117071372e-01,3.884376566935359154e-01,2.241097486195618160e-01
1.741280833463998978e-01,3.342117309830823224e-01,4.411624446001783384e-01,5.213905227875446080e-01,6.597869646649188180e-01,6.472976247683460693e-01,5.349499700894424503e-01,1.874073549330733224e+00,2.364802115309730390e-01,2.917230685052055739e-01,5.624449020446448122e-01,7.453856884506832037e-01,8.604920785472074396e-01,1.042858891054296411e+00,1.031868523883486599e+00,9.968236649477029143e-01,8.413987583703774753e-01,5.152055102794071972e-01,3.827623108068972102e-01,7.336801867898028462e-01,9.778417065026284716e-01,1.110435839120635038e+00,1.295922231560017401e+00,1.301747235902053657e+00,1.162415248110160393e+00,8.771257412929556185e-01,5.491310824677129165e-01,4.363325918696913108e-01,8.270045430275371201e-01,1.116578075245626689e+00,1.260294681264918726e+00,1.408206261303132756e+00,1.388864460641508813e+00,1.266268129199826564e+00,9.652468647556246006e-01,5.817547222915646632e-01,4.515141157502179370e-01,8.371376886536494588e-01,1.148824696618983010e+00,1.313143190943758754e+00,1.418779636075175876e+00,1.367647261718916596e+00,1.237401401677078017e+00,9.494316353270353392e-01,5.597065367009201875e-01,4.309155967938323450e-01,7.695461130027084762e-01,1.061174161260105331e+00,1.238993884429199221e+00,1.328261516880547388e+00,1.259096465049110547e+00,1.121318153896784242e+00,8.576791606884017760e-01,5.022749277514310107e-01,3.818646962325201732e-01,6.510939055606110859e-01,8.812662465251319688e-01,1.039417332371090019e+00,1.119900661517044593e+00,1.059739268534383161e+00,9.387483400033574954e-01,7.148819605303590174e-01,4.137978135719674322e-01,2.936092905095899486e-01,4.919443735936767093e-01,6.487920588745008654e-01,7.598519332784737790e-01,8.198731417687373790e-01,7.770653834828468165e-01,6.900884004474052702e-01,5.229589939330911985e-01,2.967846744091869882e-01,1.636233322980915617e-01,2.827236032134586852e-01,3.713490214609409534e-01,4.307771483800522661e-01,4.635471002683999586e-01,4.363722823316041333e-01,3.887768402857459948e-01,2.931292001812862980e-01,1.654230638171414747e-01
1.180726980132107001e-01,1.741280833464011191e-01,2.610655680887977170e-01,3.129523188233359621e-01,3.128886545289107368e-01,4.264255342874684329e-01,3.823557716077233271e-01,2.364802115309730390e-01,1.617265748846779427e+00,1.972060180624740644e-01,2.923307866687656076e-01,4.357848645894715212e-01,5.229446751542334848e-01,5.199597118911141180e-01,6.514742069317339679e-01,5.848317427299281057e-01,5.159263857983260593e-01,4.286981852954520056e-01,2.600884418043604152e-01,3.831264495799089898e-01,5.652084635113319155e-01,6.861222232971624369e-01,6.707726832094480507e-01,7.827683413971960880e-01,7.224786434458817519e-01,5.486257858789841402e-01,3.539355495891827186e-01,2.981604796750933484e-01,4.359702999092577302e-01,6.340997230623993675e-01,7.865634099993720207e-01,7.610697429322221819e-01,8.217451283321869360e-01,7.427869651314161770e-01,5.816697342160039863e-01,3.613505470574653877e-01,3.108938518338125734e-01,4.502794184263804178e-01,6.372121928819287628e-01,8.105373646960184475e-01,7.960151038812792734e-01,8.109381487217873774e-01,7.210983020005808930e-01,5.596315832217411135e-01,3.389457345136987487e-01,2.959770798861929841e-01,4.289074925278449912e-01,5.801739934207799099e-01,7.456154553037549482e-01,7.503014425045155811e-01,7.499693430466074506e-01,6.581644631049811123e-01,5.013157563313417331e-01,3.000854542800587277e-01,2.527323343007470413e-01,3.782280014883075414e-01,4.884112779298990792e-01,6.178342355847541434e-01,6.285818396227929039e-01,6.276302492860243998e-01,5.476142292628791708e-01,4.128570477448043063e-01,2.503620910561606960e-01,1.808705235676785761e-01,2.899504701926927108e-01,3.676329516376294904e-01,4.547308834092957386e-01,4.600042640951755857e-01,4.603730321361738653e-01,3.984288035793187022e-01,2.970816499309797964e-01,1.815309049964180244e-01,9.350599572946850790e-02,1.624419727425596705e-01,2.083486452793069377e-01,2.580430574228285701e-01,2.584418850594090156e-01,2.627662989037263253e-01,2.247774958178066218e-01,1.662346585963264678e-01,1.032674918982138257e-01
4.286981852954520056e-01,5.152055102794071972e-01,5.885311450537737965e-01,6.524936555157296869e-01,5.181370207858225774e-01,5.246985239779338173e-01,4.358836374179699269e-01,2.917230685052055739e-01,1.972060180624740644e-01,1.894283110967345918e+00,6.726242691049928446e-01,9.222974138117709941e-01,1.037539309314699398e+00,8.872471452937551462e-01,8.767115161553106217e-01,7.301971848892914174e-01,4.979671043679003706e-01,3.288876775251288187e-01,7.003390527089161655e-01,9.592102373195106058e-01,1.154227305002043069e+00,1.298273268184028773e+00,1.158532055346689349e+00,1.142349095523870206e+00,9.481481181110074097e-01,6.559068229603218780e-01,4.299010115281252653e-01,6.049772042460326293e-01,9.734378353070549661e-01,1.283210583700840735e+00,1.419193754616704828e+00,1.309723244419308319e+00,1.300527717712268050e+00,1.072233933277469964e+00,7.524534438149739213e-01,4.938629838271835770e-01,5.861263248139007009e-01,9.601115362705289202e-01,1.244999704822388420e+00,1.390657031455645898e+00,1.338300333307837597e+00,1.341699636006844942e+00,1.095001740064455165e+00,7.799066397336621437e-01,5.138334015539391952e-01,5.204800080772920001e-01,8.649118462832243726e-01,1.128026039603789998e+00,1.273592867559160124e+00,1.271237639465834235e+00,1.269850799106700734e+00,1.019711219114862955e+00,7.378579250048398208e-01,4.863369876879194975e-01,4.256168687366467251e-01,7.145139402099754955e-01,9.435576045743895301e-01,1.075275293949492061e+00,1.086285716394191692e+00,1.070113862118591053e+00,8.484138615280574225e-01,6.308423266411634645e-01,4.170771843902053022e-01,3.139116762277634476e-01,5.201311503382108903e-01,6.899838673679545842e-01,7.887777187161773007e-01,7.942278752653347818e-01,7.771406694979582364e-01,6.179561903822430313e-01,4.783926604535878035e-01,3.151906629061888010e-01,1.767714762813497043e-01,2.895135620629278317e-01,3.871446212134918019e-01,4.473010399800464443e-01,4.471022367453560409e-01,4.429659780164468819e-01,3.556774486462795370e-01,2.834389492065564342e-01,1.770221254021490942e-01
5.159263857983260593e-01,8.413987583703774753e-01,9.974747542715144411e-01,1.031035125718424483e+00,1.044488920633238838e+00,8.600115234390148800e-01,7.440789506812339749e-01,5.624449020446448122e-01,2.923307866687656076e-01,6.726242691049928446e-01,2.593334786960717508e+00,1.468457552820604084e+00,1.664827016028324946e+00,1.698230546389099427e+00,1.458052031734713205e+00,1.255042491205255129e+00,9.406097584594844685e-01,4.979671043678934872e-01,9.591294808776382741e-01,1.595965087757996503e+00,1.976832626358179468e+00,2.117219744466901421e+00,2.164734866884469255e+00,1.900413423205717267e+00,1.638548648384085205e+00,1.223478366879934054e+00,6.556835589146486898e-01,9.739058166086006496e-01,1.600433686270430034e+00,2.108262296528076618e+00,2.371193475966146380e+00,2.413193139815307031e+00,2.154592718708155274e+00,1.866708361506272285e+00,1.390579257510131894e+00,7.524499777282842583e-01,9.611709506791764612e-01,1.613460174173388939e+00,2.116781416131658933e+00,2.358573133214696416e+00,2.423343455001771840e+00,2.210034867204123898e+00,1.924806805278070909e+00,1.429539448561294002e+00,7.799751847009371852e-01,8.659115516444193528e-01,1.479112815891994392e+00,1.933446448654535299e+00,2.161494681387164718e+00,2.247357983586677044e+00,2.088479864864282387e+00,1.813906955705644419e+00,1.339309398144420182e+00,7.387070259592420918e-01,7.150765040769727632e-01,1.227949843912282457e+00,1.608782658608770566e+00,1.815986578093639725e+00,1.909216963194906080e+00,1.782351369024878007e+00,1.530360897808053400e+00,1.125315002190754976e+00,6.325937743481441222e-01,5.199357796540853283e-01,8.971854237909828722e-01,1.179572192083958582e+00,1.337659169797192016e+00,1.412126390392855813e+00,1.311548178323678204e+00,1.116463110228608668e+00,8.273268422576385284e-01,4.789757779979363361e-01,2.894788812888797747e-01,5.066586097184625492e-01,6.687357117372580984e-01,7.546889951351147818e-01,7.982601912336343419e-01,7.377161069473336941e-01,6.321439116441890382e-01,4.778426669378667002e-01,2.809915798657406372e-01
5.848317427299281057e-01,9.968236649477029143e-01,1.284922506176950252e+00,1.390544853616398013e+00,1.372322509071884689e+00,1.264098127904732971e+00,9.864422171392026595e-01,7.453856884506832037e-01,4.357848645894715212e-01,9.222974138117709941e-01,1.468457552820604084e+00,3.335241208528850976e+00,2.129994150723343083e+00,2.234502647223415295e+00,2.076588907044564891e+00,1.667221198643033420e+00,1.255042491205251354e+00,7.301971848892803152e-01,1.155099851335122940e+00,1.975871678234048634e+00,2.557431218527096206e+00,2.843517315550747604e+00,2.858053509644764567e+00,2.662317430077740799e+00,2.175342115910736229e+00,1.638785201322242147e+00,9.479840366727728673e-01,1.283312894500151957e+00,2.107537381856421366e+00,2.689369718530251863e+00,3.103212725396183647e+00,3.215132413598862815e+00,2.981387656427722188e+00,2.472611308518589901e+00,1.867440512547915654e+00,1.071881297126429544e+00,1.244574282507452168e+00,2.116985439191608975e+00,2.728674361257345193e+00,3.149103019609192256e+00,3.227785491235366955e+00,3.006906994404640709e+00,2.542450910643038409e+00,1.925215661984612803e+00,1.093805603090061584e+00,1.127571753148870259e+00,1.933706627457828287e+00,2.514630848601386859e+00,2.906705796396423125e+00,2.977397218357838327e+00,2.792957829404254078e+00,2.406392431319462233e+00,1.815474769142819245e+00,1.018018398366894006e+00,9.430549855051738595e-01,1.608321885266105644e+00,2.101804694863663059e+00,2.441516544462393856e+00,2.512018194305326357e+00,2.371847097921280234e+00,2.057997692551034596e+00,1.533005273384129064e+00,8.475027914020891728e-01,6.900820766199324829e-01,1.179183782812732950e+00,1.545342471220168212e+00,1.800529715722794633e+00,1.854739380190169262e+00,1.752032593010536710e+00,1.518235373004753086e+00,1.117267860068401397e+00,6.182397320158325993e-01,3.879070939165812915e-01,6.688531224485720905e-01,8.745661683911106765e-01,1.018439102409611552e+00,1.046570259531988567e+00,9.877717934942473743e-01,8.576984558779343626e-01,6.307105359762104069e-01,3.551030976937499251e-01
6.514742069317339679e-01,1.031868523883486599e+00,1.390549543240669816e+00,1.625834684568898458e+00,1.611521799678751421e+00,1.498399179953267435e+00,1.264673891643113723e+00,8.604920785472074396e-01,5.229446751542334848e-01,1.037539309314699398e+00,1.664827016028324946e+00,2.129994150723343083e+00,3.903614831432888010e+00,2.508766709432403097e+00,2.443393209960589285e+00,2.076588907044585763e+00,1.458052031734727638e+00,8.767115161553095115e-01,1.297881295348493946e+00,2.116368720462290742e+00,2.844186939222610455e+00,3.297951793144368260e+00,3.341529320598275898e+00,3.132798227604958630e+00,2.662105196184646250e+00,1.900245327510537985e+00,1.143078036069262060e+00,1.418225545918094799e+00,2.371643231356154402e+00,3.104437572195331896e+00,3.532198971320672065e+00,3.671705508678488883e+00,3.533179580825789756e+00,2.981441480285314416e+00,2.153801657685185944e+00,1.301734937905355105e+00,1.389990485211109128e+00,2.359708329015964612e+00,3.149636110862947369e+00,3.595688369191328615e+00,3.733301224737532120e+00,3.560876133922409537e+00,3.007393643102083125e+00,2.207385074098941136e+00,1.342889562239409473e+00,1.273222130558782750e+00,2.162186690028438552e+00,2.906830779939409748e+00,3.329372900831836013e+00,3.453628019889814826e+00,3.295515009125198791e+00,2.794588900794516384e+00,2.086400353138811781e+00,1.269717898576095294e+00,1.075037220639361024e+00,1.815863504249701554e+00,2.441516306652919965e+00,2.797981055518538263e+00,2.905044855358092537e+00,2.786098907950636860e+00,2.373821231679472010e+00,1.782378405833782820e+00,1.068937313247890764e+00,7.890340631605079480e-01,1.336997699645849691e+00,1.800238672014599084e+00,2.062976086379167295e+00,2.140922540050166578e+00,2.059527697493399145e+00,1.753051977016427898e+00,1.311939327918244969e+00,7.762991960678421455e-01,4.472861261299836411e-01,7.545882443547177187e-01,1.018337998191863214e+00,1.167118062794890943e+00,1.208441526379677944e+00,1.165428297477984376e+00,9.877247146352483576e-01,7.382940763815759588e-01,4.409251430498836166e-01
5.199597118911141180e-01,1.042858891054296411e+00,1.372154342800781635e+00,1.611662972034418662e+00,1.752416920135302592e+00,1.611662972034418662e+00,1.372154342800781635e+00,1.042858891054296411e+00,5.199597118911141180e-01,8.872471452937551462e-01,1.698230546389099427e+00,2.234502647223415295e+00,2.508766709432403097e+00,4.112867866092456914e+00,2.508766709432401321e+00,2.234502647223440164e+00,1.698230546389112527e+00,8.872471452937513714e-01,1.157363224001861424e+00,2.166016970599578428e+00,2.858127591150212865e+00,3.341252015994978564e+00,3.572721185332373928e+00,3.341252015994978564e+00,2.858127591150212865e+00,2.166016970599578428e+00,1.157363224001861424e+00,1.309411207268267763e+00,2.415066321641293978e+00,3.214385997046932175e+00,3.671480328397894066e+00,3.850605020477161577e+00,3.671480328397894066e+00,3.214385997046932175e+00,2.415066321641293978e+00,1.309411207268267763e+00,1.339356180409703612e+00,2.423676055264146534e+00,3.226153026582606831e+00,3.733916226336340127e+00,3.930569718588362349e+00,3.733916226336340127e+00,3.226153026582606831e+00,2.423676055264146534e+00,1.339356180409703612e+00,1.272576664247647038e+00,2.246923983175430628e+00,2.976238844053853860e+00,3.454258900234324248e+00,3.648222136848729757e+00,3.454258900234324248e+00,2.976238844053853860e+00,2.246923983175430628e+00,1.272576664247647038e+00,1.087019164528773230e+00,1.909124777175858600e+00,2.512042302737912625e+00,2.905424784176955821e+00,3.071222674416623999e+00,2.905424784176955821e+00,2.512042302737912625e+00,1.909124777175858600e+00,1.087019164528773230e+00,7.944305435874619015e-01,1.411211822116350989e+00,1.855455562925100166e+00,2.141577957079996875e+00,2.267255608732462235e+00,2.141577957079996875e+00,1.855455562925100166e+00,1.411211822116350989e+00,7.944305435874619015e-01,4.461758017712520452e-01,7.969155514427445075e-01,1.047202567718542143e+00,1.208507583029032828e+00,1.285500515105672203e+00,1.208507583029032828e+00,1.047202567718542143e+00,7.969155514427445075e-01,4.461758017712520452e-01
5.229446751542334848e-01,8.604920785472074396e-01,1.264673891643113723e+00,1.498399179953267435e+00,1.611521799678751421e+00,1.625834684568898458e+00,1.390549543240669816e+00,1.031868523883486599e+00,6.514742069317339679e-01,8.767115161553106217e-01,1.458052031734713205e+00,2.076588907044564891e+00,2.443393209960589285e+00,2.508766709432401321e+00,3.903614831432888010e+00,2.129994150723368840e+00,1.664827016028338713e+00,1.037539309314696068e+00,1.143078036069262060e+00,1.900245327510537985e+00,2.662105196184646250e+00,3.132798227604958630e+00,3.341529320598275898e+00,3.297951793144368260e+00,2.844186939222610455e+00,2.116368720462290742e+00,1.297881295348493946e+00,1.301734937905355105e+00,2.153801657685185944e+00,2.981441480285314416e+00,3.533179580825789756e+00,3.671705508678488883e+00,3.532198971320672065e+00,3.104437572195331896e+00,2.371643231356154402e+00,1.418225545918094799e+00,1.342889562239409473e+00,2.207385074098941136e+00,3.007393643102083125e+00,3.560876133922409537e+00,3.733301224737532120e+00,3.595688369191328615e+00,3.149636110862947369e+00,2.359708329015964612e+00,1.389990485211109128e+00,1.269717898576095294e+00,2.086400353138811781e+00,2.794588900794516384e+00,3.295515009125198791e+00,3.453628019889814826e+00,3.329372900831836013e+00,2.906830779939409748e+00,2.162186690028438552e+00,1.273222130558782750e+00,1.068937313247890764e+00,1.782378405833782820e+00,2.373821231679472010e+00,2.786098907950636860e+00,2.905044855358092537e+00,2.797981055518538263e+00,2.441516306652919965e+00,1.815863504249701554e+00,1.075037220639361024e+00,7.762991960678421455e-01,1.311939327918244969e+00,1.753051977016427898e+00,2.059527697493399145e+00,2.140922540050166578e+00,2.062976086379167295e+00,1.800238672014599084e+00,1.336997699645849691e+00,7.890340631605079480e-01,4.409251430498836166e-01,7.382940763815759588e-01,9.877247146352483576e-01,1.165428297477984376e+00,1.208441526379677944e+00,1.167118062794890943e+00,1.018337998191863214e+00,7.545882443547177187e-01,4.472861261299836411e-01
4.357848645894715212e-01,7.453856884506832037e-01,9.864422171392026595e-01,1.264098127904732971e+00,1.372322509071884689e+00,1.390544853616398013e+00,1.284922506176950252e+00,9.968236649477029143e-01,5.848317427299281057e-01,7.301971848892914174e-01,1.255042491205255129e+00,1.667221198643033420e+00,2.076588907044585763e+00,2.234502647223440164e+00,2.129994150723368840e+00,3.335241208528850976e+00,1.468457552820616963e+00,9.222974138117686627e-01,9.479840366727728673e-01,1.638785201322242147e+00,2.175342115910736229e+00,2.662317430077740799e+00,2.858053509644764567e+00,2.843517315550747604e+00,2.557431218527096206e+00,1.975871678234048634e+00,1.155099851335122940e+00,1.071881297126429544e+00,1.867440512547915654e+00,2.472611308518589901e+00,2.981387656427722188e+00,3.215132413598862815e+00,3.103212725396183647e+00,2.689369718530251863e+00,2.107537381856421366e+00,1.283312894500151957e+00,1.093805603090061584e+00,1.925215661984612803e+00,2.542450910643038409e+00,3.006906994404640709e+00,3.227785491235366955e+00,3.149103019609192256e+00,2.728674361257345193e+00,2.116985439191608975e+00,1.244574282507452168e+00,1.018018398366894006e+00,1.815474769142819245e+00,2.406392431319462233e+00,2.792957829404254078e+00,2.977397218357838327e+00,2.906705796396423125e+00,2.514630848601386859e+00,1.933706627457828287e+00,1.127571753148870259e+00,8.475027914020891728e-01,1.533005273384129064e+00,2.057997692551034596e+00,2.371847097921280234e+00,2.512018194305326357e+00,2.441516544462393856e+00,2.101804694863663059e+00,1.608321885266105644e+00,9.430549855051738595e-01,6.182397320158325993e-01,1.117267860068401397e+00,1.518235373004753086e+00,1.752032593010536710e+00,1.854739380190169262e+00,1.800529715722794633e+00,1.545342471220168212e+00,1.179183782812732950e+00,6.900820766199324829e-01,3.551030976937499251e-01,6.307105359762104069e-01,8.576984558779343626e-01,9.877717934942473743e-01,1.046570259531988567e+00,1.018439102409611552e+00,8.745661683911106765e-01,6.688531224485720905e-01,3.879070939165812915e-01
2.923307866687656076e-01,5.624449020446448122e-01,7.440789506812339749e-01,8.600115234390148800e-01,1.044488920633238838e+00,1.031035125718424483e+00,9.974747542715144411e-01,8.413987583703774753e-01,5.159263857983260593e-01,4.979671043679003706e-01,9.406097584594844685e-01,1.255042491205251354e+00,1.458052031734727638e+00,1.698230546389112527e+00,1.664827016028338713e+00,1.468457552820616963e+00,2.593334786960717508e+00,6.726242691049887368e-01,6.556835589146486898e-01,1.223478366879934054e+00,1.638548648384085205e+00,1.900413423205717267e+00,2.164734866884469255e+00,2.117219744466901421e+00,1.976832626358179468e+00,1.595965087757996503e+00,9.591294808776382741e-01,7.524499777282842583e-01,1.390579257510131894e+00,1.866708361506272285e+00,2.154592718708155274e+00,2.413193139815307031e+00,2.371193475966146380e+00,2.108262296528076618e+00,1.600433686270430034e+00,9.739058166086006496e-01,7.799751847009371852e-01,1.429539448561294002e+00,1.924806805278070909e+00,2.210034867204123898e+00,2.423343455001771840e+00,2.358573133214696416e+00,2.116781416131658933e+00,1.613460174173388939e+00,9.611709506791764612e-01,7.387070259592420918e-01,1.339309398144420182e+00,1.813906955705644419e+00,2.088479864864282387e+00,2.247357983586677044e+00,2.161494681387164718e+00,1.933446448654535299e+00,1.479112815891994392e+00,8.659115516444193528e-01,6.325937743481441222e-01,1.125315002190754976e+00,1.530360897808053400e+00,1.782351369024878007e+00,1.909216963194906080e+00,1.815986578093639725e+00,1.608782658608770566e+00,1.227949843912282457e+00,7.150765040769727632e-01,4.789757779979363361e-01,8.273268422576385284e-01,1.116463110228608668e+00,1.311548178323678204e+00,1.412126390392855813e+00,1.337659169797192016e+00,1.179572192083958582e+00,8.971854237909828722e-01,5.199357796540853283e-01,2.809915798657406372e-01,4.778426669378667002e-01,6.321439116441890382e-01,7.377161069473336941e-01,7.982601912336343419e-01,7.546889951351147818e-01,6.687357117372580984e-01,5.066586097184625492e-01,2.894788812888797747e-01
1.972060180624740644e-01,2.917230685052055739e-01,4.358836374179699269e-01,5.246985239779338173e-01,5.181370207858225774e-01,6.524936555157296869e-01,5.885311450537737965e-01,5.152055102794071972e-01,4.286981852954520056e-01,3.288876775251288187e-01,4.979671043678934872e-01,7.301971848892803152e-01,8.767115161553095115e-01,8.872471452937513714e-01,1.037539309314696068e+00,9.222974138117686627e-01,6.726242691049887368e-01,1.894283110967345918e+00,4.299010115281252653e-01,6.559068229603218780e-01,9.481481181110074097e-01,1.142349095523870206e+00,1.158532055346689349e+00,1.298273268184028773e+00,1.154227305002043069e+00,9.592102373195106058e-01,7.003390527089161655e-01,4.938629838271835770e-01,7.524534438149739213e-01,1.072233933277469964e+00,1.300527717712268050e+00,1.309723244419308319e+00,1.419193754616704828e+00,1.283210583700840735e+00,9.734378353070549661e-01,6.049772042460326293e-01,5.138334015539391952e-01,7.799066397336621437e-01,1.095001740064455165e+00,1.341699636006844942e+00,1.338300333307837597e+00,1.390657031455645898e+00,1.244999704822388420e+00,9.601115362705289202e-01,5.861263248139007009e-01,4.863369876879194975e-01,7.378579250048398208e-01,1.019711219114862955e+00,1.269850799106700734e+00,1.271237639465834235e+00,1.273592867559160124e+00,1.128026039603789998e+00,8.649118462832243726e-01,5.204800080772920001e-01,4.170771843902053022e-01,6.308423266411634645e-01,8.484138615280574225e-01,1.070113862118591053e+00,1.086285716394191692e+00,1.075275293949492061e+00,9.435576045743895301e-01,7.145139402099754955e-01,4.256168687366467251e-01,3.151906629061888010e-01,4.783926604535878035e-01,6.179561903822430313e-01,7.771406694979582364e-01,7.942278752653347818e-01,7.887777187161773007e-01,6.899838673679545842e-01,5.201311503382108903e-01,3.139116762277634476e-01,1.770221254021490942e-01,2.834389492065564342e-01,3.556774486462795370e-01,4.429659780164468819e-01,4.471022367453560409e-01,4.473010399800464443e-01,3.871446212134918019e-01,2.895135620629278317e-01,1.767714762813497043e-01
3.539355495891827186e-01,5.491310824677129165e-01,7.263330110152282915e-01,7.822395553359773324e-01,6.677587428152265137e-01,6.886649304130242344e-01,5.649926930112377788e-01,3.827623108068972102e-01,2.600884418043604152e-01,7.003390527089161655e-01,9.591294808776382741e-01,1.155099851335122940e+00,1.297881295348493946e+00,1.157363224001861424e+00,1.143078036069262060e+00,9.479840366727728673e-01,6.556835589146486898e-01,4.299010115281252653e-01,2.145216812243697646e+00,1.096489100909127323e+00,1.481320670461385713e+00,1.673793380063173464e+00,1.528661521452547412e+00,1.488420891651673683e+00,1.238037285644430385e+00,8.683017717291905413e-01,5.609730088258548797e-01,9.238399543290165550e-01,1.338470281633165282e+00,1.657535329200408469e+00,1.867853640234005130e+00,1.737731541439674787e+00,1.694986468392820855e+00,1.410579966656732909e+00,9.999356335432886267e-01,6.428120970641394427e-01,7.859298850705676021e-01,1.279823576352424608e+00,1.690482026788753256e+00,1.880486826341636553e+00,1.784627541064872425e+00,1.757109655901271550e+00,1.456044369723265453e+00,1.039292363456273849e+00,6.674075323372063995e-01,7.112592654560894179e-01,1.173455180431063338e+00,1.529723635628726042e+00,1.714212138409050290e+00,1.674311546869637457e+00,1.665285532409316760e+00,1.365219988605629320e+00,9.810010712117195331e-01,6.336711360950362248e-01,5.829862312029672200e-01,9.718735837660429366e-01,1.270506842177095974e+00,1.434643024474098194e+00,1.438030002888597281e+00,1.429111916425840567e+00,1.150619947280180799e+00,8.368169535195556508e-01,5.479707939178405374e-01,4.204861113340706558e-01,7.066887767398370990e-01,9.327622372600821166e-01,1.062110496864292708e+00,1.072851921200359326e+00,1.056861221307963117e+00,8.351353464046176178e-01,6.225992647669049695e-01,4.129802070928946800e-01,2.403840632045257109e-01,3.970904515811551905e-01,5.254121897876166125e-01,6.016480998045927731e-01,6.023425864841094324e-01,5.937714448915550891e-01,4.653912109978061151e-01,3.654590352308448864e-01,2.444803651255755828e-01
