6.758310309150497908e+00,5.480886588082671373e+00,5.280360536243830616e+00,5.637339644577404663e+00,5.780157560264695960e+00,5.465007105731593207e+00,5.174067373718573393e+00,5.385557518637257068e+00,5.173520801118607793e+00
5.480886588082671373e+00,7.233299679351127054e+00,5.480886588082678479e+00,5.780953912821543028e+00,6.136731791403201797e+00,5.780953912821543028e+00,5.385577132757447316e+00,5.653729451928125371e+00,5.385577132757447316e+00
5.280360536243830616e+00,5.480886588082678479e+00,6.758310309150497908e+00,5.465007105731593207e+00,5.780157560264695960e+00,5.637339644577404663e+00,5.173520801118607793e+00,5.385557518637257068e+00,5.174067373718573393e+00
5.637339644577404663e+00,5.780953912821543028e+00,5.465007105731593207e+00,7.180852716332696062e+00,5.925665413914222412e+00,5.708401420220161171e+00,5.600836551100822902e+00,5.744300768470218976e+00,5.432198284827942203e+00
5.780157560264695960e+00,6.136731791403201797e+00,5.780157560264695960e+00,5.925665413914222412e+00,7.702429611628581085e+00,5.925665413914232182e+00,5.743545682534954011e+00,6.098246597844290129e+00,5.743545682534954011e+00
5.465007105731593207e+00,5.780953912821543028e+00,5.637339644577404663e+00,5.708401420220161171e+00,5.925665413914232182e+00,7.180852716332696062e+00,5.432198284827942203e+00,5.744300768470218976e+00,5.600836551100822902e+00
5.174067373718573393e+00,5.385577132757447316e+00,5.173520801118607793e+00,5.600836551100822902e+00,5.743545682534954011e+00,5.432198284827942203e+00,6.690875722765812661e+00,5.411108821105069744e+00,5.215058484071879441e+00
5.385557518637257068e+00,5.653729451928125371e+00,5.385557518637257068e+00,5.744300768470218976e+00,6.098246597844290129e+00,5.744300768470218976e+00,5.411108821105069744e+00,7.160801274465105060e+00,5.411108821104986255e+00
5.173520801118607793e+00,5.385577132757447316e+00,5.174067373718573393e+00,5.432198284827942203e+00,5.743545682534954011e+00,5.600836551100822902e+00,5.215058484071879441e+00,5.411108821104986255e+00,6.690875722765812661e+00
