5.676399582093548668e-01,1.096301729363640537e-01,-1.997447550511758166e-02,3.974839333511074636e-03,9.702421764291844792e-04,-2.623372763727648514e-03,2.949155587566014685e-03,-2.664288151936811556e-03,2.103114323548571293e-03,-1.450233687059830244e-03,8.173552431787171500e-04,-1.492071622192295832e-01,-8.937812145042886569e-02,2.521539315573190221e-02,-1.089198843951182452e-02,6.841320811974851632e-03,-4.973933637436642359e-03,3.709348997511776203e-03,-2.674140845889232121e-03,1.779717700349106287e-03,-1.015690720665595424e-03,3.914030971804047482e-04,9.679065212992248035e-02,8.465131028133138225e-02,-2.083515188604394969e-02,-9.853941317126721326e-04,3.073266107797313455e-03,-2.073706464977152081e-03,9.742048301323467593e-04,-1.504004754792114744e-04,-4.153989119109768890e-04,7.760405006802703317e-04,-9.729229537416204899e-04,-7.695652011565685957e-02,-6.537105477726243286e-02,1.029314990207150921e-02,1.906303365973212316e-02,-1.680091379183239197e-02,1.127519141355234379e-02,-7.538070521757670936e-03,5.269552313930805226e-03,-3.825893471177072101e-03,2.822874896435118800e-03,-2.064578879910310485e-03,5.952609870853374507e-02,4.691936827001250837e-02,-7.631153975995049431e-03,-2.782789014702496955e-02,1.950990746297312159e-02,-8.544601149784588137e-03,3.049811915769369552e-03,-9.912300203098703844e-04,4.345057725972513267e-04,-4.431118342074173298e-04,6.263650717139272609e-04,-4.200543117512970520e-02,-2.986312833022914531e-02,1.055102429190944886e-02,2.921934071315867437e-02,-1.470788907532208888e-02,-1.757515595090268804e-03,7.688440340678152733e-03,-8.068347265623936060e-03,6.826203485158863909e-03,-5.448033016211464158e-03,4.301464625417715515e-03,2.490899750560026174e-02,1.431127291874193137e-02,-1.535234243209243447e-02,-2.780286835583290275e-02,9.766391762917797648e-03,1.023648519581154930e-02,-1.388597550836633866e-02,1.038807067803824459e-02,-6.376279769254338502e-03,3.645820356321187537e-03,-2.116830366443805522e-03,-9.319854544587688125e-03,-8.408903442913038618e-04,1.987527574384182968e-02,2.528438252589304547e-02,-7.087315005759624829e-03,-1.470001795057631483e-02,1.429295793758992433e-02,-5.940705227839035950e-03,-5.359611849793808258e-04,3.642321552757911505e-03,-4.558545105882875169e-03,-3.696886113730231318e-03,-9.858262726418598465e-03,-2.292960284234868071e-02,-2.197309280671240483e-02,6.555933418245862322e-03,1.635725735705285261e-02,-1.197132922336893723e-02,-3.327376792205836899e-04,7.283407264790088716e-03,-8.559247167307614673e-03,7.194723048991906976e-03,1.333472899406092788e-02,1.724835015476007538e-02,2.390498811494789003e-02,1.785631898408491722e-02,-7.499431737660433583e-03,-1.653489029223130166e-02,9.333692014875912338e-03,5.391812726991648472e-03,-1.075864514718563938e-02,8.502558095939357491e-03,-4.132202727573437012e-03,-1.916496423580199560e-02,-2.108803019740129736e-02,-2.261533821474004044e-02,-1.298702818079362775e-02,9.266757101423734461e-03,1.595919874274313519e-02,-7.410549813256245982e-03,-8.568569679298492295e-03,1.130152158161125582e-02,-5.247049439237059208e-03,-1.245745986094337404e-03
1.096301729363640537e-01,5.676399582093548668e-01,1.096301729363640537e-01,-1.997447550511758166e-02,3.974839333511074636e-03,9.702421764291844792e-04,-2.623372763727648514e-03,2.949155587566014685e-03,-2.664288151936811556e-03,2.103114323548571293e-03,-1.450233687059830244e-03,-8.937812145042886569e-02,-1.492071622192295832e-01,-8.937812145042886569e-02,2.521539315573190221e-02,-1.089198843951182452e-02,6.841320811974851632e-03,-4.973933637436642359e-03,3.709348997511776203e-03,-2.674140845889232121e-03,1.779717700349106287e-03,-1.015690720665595424e-03,8.465131028133138225e-02,9.679065212992248035e-02,8.465131028133138225e-02,-2.083515188604394969e-02,-9.853941317126721326e-04,3.073266107797313455e-03,-2.073706464977152081e-03,9.742048301323467593e-04,-1.504004754792114744e-04,-4.153989119109768890e-04,7.760405006802703317e-04,-6.537105477726243286e-02,-7.695652011565685957e-02,-6.537105477726243286e-02,1.029314990207150921e-02,1.906303365973212316e-02,-1.680091379183239197e-02,1.127519141355234379e-02,-7.538070521757670936e-03,5.269552313930805226e-03,-3.825893471177072101e-03,2.822874896435118800e-03,4.691936827001250837e-02,5.952609870853374507e-02,4.691936827001250837e-02,-7.631153975995049431e-03,-2.782789014702496955e-02,1.950990746297312159e-02,-8.544601149784588137e-03,3.049811915769369552e-03,-9.912300203098703844e-04,4.345057725972513267e-04,-4.431118342074173298e-04,-2.986312833022914531e-02,-4.200543117512970520e-02,-2.986312833022914531e-02,1.055102429190944886e-02,2.921934071315867437e-02,-1.470788907532208888e-02,-1.757515595090268804e-03,7.688440340678152733e-03,-8.068347265623936060e-03,6.826203485158863909e-03,-5.448033016211464158e-03,1.431127291874193137e-02,2.490899750560026174e-02,1.431127291874193137e-02,-1.535234243209243447e-02,-2.780286835583290275e-02,9.766391762917797648e-03,1.023648519581154930e-02,-1.388597550836633866e-02,1.038807067803824459e-02,-6.376279769254338502e-03,3.645820356321187537e-03,-8.408903442913038618e-04,-9.319854544587688125e-03,-8.408903442913038618e-04,1.987527574384182968e-02,2.528438252589304547e-02,-7.087315005759624829e-03,-1.470001795057631483e-02,1.429295793758992433e-02,-5.940705227839035950e-03,-5.359611849793808258e-04,3.642321552757911505e-03,-9.858262726418598465e-03,-3.696886113730231318e-03,-9.858262726418598465e-03,-2.292960284234868071e-02,-2.197309280671240483e-02,6.555933418245862322e-03,1.635725735705285261e-02,-1.197132922336893723e-02,-3.327376792205836899e-04,7.283407264790088716e-03,-8.559247167307614673e-03,1.724835015476007538e-02,1.333472899406092788e-02,1.724835015476007538e-02,2.390498811494789003e-02,1.785631898408491722e-02,-7.499431737660433583e-03,-1.653489029223130166e-02,9.333692014875912338e-03,5.391812726991648472e-03,-1.075864514718563938e-02,8.502558095939357491e-03,-2.108803019740129736e-02,-1.916496423580199560e-02,-2.108803019740129736e-02,-2.261533821474004044e-02,-1.298702818079362775e-02,9.266757101423734461e-03,1.595919874274313519e-02,-7.410549813256245982e-03,-8.568569679298492295e-03,1.130152158161125582e-02,-5.247049439237059208e-03
-1.997447550511758166e-02,1.096301729363640537e-01,5.676399582093548668e-01,1.096301729363640537e-01,-1.997447550511758166e-02,3.974839333511074636e-03,9.702421764291844792e-04,-2.623372763727648514e-03,2.949155587566014685e-03,-2.664288151936811556e-03,2.103114323548571293e-03,2.521539315573190221e-02,-8.937812145042886569e-02,-1.492071622192295832e-01,-8.937812145042886569e-02,2.521539315573190221e-02,-1.089198843951182452e-02,6.841320811974851632e-03,-4.973933637436642359e-03,3.709348997511776203e-03,-2.674140845889232121e-03,1.779717700349106287e-03,-2.083515188604394969e-02,8.465131028133138225e-02,9.679065212992248035e-02,8.465131028133138225e-02,-2.083515188604394969e-02,-9.853941317126721326e-04,3.073266107797313455e-03,-2.073706464977152081e-03,9.742048301323467593e-04,-1.504004754792114744e-04,-4.153989119109768890e-04,1.029314990207150921e-02,-6.537105477726243286e-02,-7.695652011565685957e-02,-6.537105477726243286e-02,1.029314990207150921e-02,1.906303365973212316e-02,-1.680091379183239197e-02,1.127519141355234379e-02,-7.538070521757670936e-03,5.269552313930805226e-03,-3.825893471177072101e-03,-7.631153975995049431e-03,4.691936827001250837e-02,5.952609870853374507e-02,4.691936827001250837e-02,-7.631153975995049431e-03,-2.782789014702496955e-02,1.950990746297312159e-02,-8.544601149784588137e-03,3.049811915769369552e-03,-9.912300203098703844e-04,4.345057725972513267e-04,1.055102429190944886e-02,-2.986312833022914531e-02,-4.200543117512970520e-02,-2.986312833022914531e-02,1.055102429190944886e-02,2.921934071315867437e-02,-1.470788907532208888e-02,-1.757515595090268804e-03,7.688440340678152733e-03,-8.068347265623936060e-03,6.826203485158863909e-03,-1.535234243209243447e-02,1.431127291874193137e-02,2.490899750560026174e-02,1.431127291874193137e-02,-1.535234243209243447e-02,-2.780286835583290275e-02,9.766391762917797648e-03,1.023648519581154930e-02,-1.388597550836633866e-02,1.038807067803824459e-02,-6.376279769254338502e-03,1.987527574384182968e-02,-8.408903442913038618e-04,-9.319854544587688125e-03,-8.408903442913038618e-04,1.987527574384182968e-02,2.528438252589304547e-02,-7.087315005759624829e-03,-1.470001795057631483e-02,1.429295793758992433e-02,-5.940705227839035950e-03,-5.359611849793808258e-04,-2.292960284234868071e-02,-9.858262726418598465e-03,-3.696886113730231318e-03,-9.858262726418598465e-03,-2.292960284234868071e-02,-2.197309280671240483e-02,6.555933418245862322e-03,1.635725735705285261e-02,-1.197132922336893723e-02,-3.327376792205836899e-04,7.283407264790088716e-03,2.390498811494789003e-02,1.724835015476007538e-02,1.333472899406092788e-02,1.724835015476007538e-02,2.390498811494789003e-02,1.785631898408491722e-02,-7.499431737660433583e-03,-1.653489029223130166e-02,9.333692014875912338e-03,5.391812726991648472e-03,-1.075864514718563938e-02,-2.261533821474004044e-02,-2.108803019740129736e-02,-1.916496423580199560e-02,-2.108803019740129736e-02,-2.261533821474004044e-02,-1.298702818079362775e-02,9.266757101423734461e-03,1.595919874274313519e-02,-7.410549813256245982e-03,-8.568569679298492295e-03,1.130152158161125582e-02
3.974839333511074636e-03,-1.997447550511758166e-02,1.096301729363640537e-01,5.676399582093548668e-01,1.096301729363640537e-01,-1.997447550511758166e-02,3.974839333511074636e-03,9.702421764291844792e-04,-2.623372763727648514e-03,2.949155587566014685e-03,-2.664288151936811556e-03,-1.089198843951182452e-02,2.521539315573190221e-02,-8.937812145042886569e-02,-1.492071622192295832e-01,-8.937812145042886569e-02,2.521539315573190221e-02,-1.089198843951182452e-02,6.841320811974851632e-03,-4.973933637436642359e-03,3.709348997511776203e-03,-2.674140845889232121e-03,-9.853941317126721326e-04,-2.083515188604394969e-02,8.465131028133138225e-02,9.679065212992248035e-02,8.465131028133138225e-02,-2.083515188604394969e-02,-9.853941317126721326e-04,3.073266107797313455e-03,-2.073706464977152081e-03,9.742048301323467593e-04,-1.504004754792114744e-04,1.906303365973212316e-02,1.029314990207150921e-02,-6.537105477726243286e-02,-7.695652011565685957e-02,-6.537105477726243286e-02,1.029314990207150921e-02,1.906303365973212316e-02,-1.680091379183239197e-02,1.127519141355234379e-02,-7.538070521757670936e-03,5.269552313930805226e-03,-2.782789014702496955e-02,-7.631153975995049431e-03,4.691936827001250837e-02,5.952609870853374507e-02,4.691936827001250837e-02,-7.631153975995049431e-03,-2.782789014702496955e-02,1.950990746297312159e-02,-8.544601149784588137e-03,3.049811915769369552e-03,-9.912300203098703844e-04,2.921934071315867437e-02,1.055102429190944886e-02,-2.986312833022914531e-02,-4.200543117512970520e-02,-2.986312833022914531e-02,1.055102429190944886e-02,2.921934071315867437e-02,-1.470788907532208888e-02,-1.757515595090268804e-03,7.688440340678152733e-03,-8.068347265623936060e-03,-2.780286835583290275e-02,-1.535234243209243447e-02,1.431127291874193137e-02,2.490899750560026174e-02,1.431127291874193137e-02,-1.535234243209243447e-02,-2.780286835583290275e-02,9.766391762917797648e-03,1.023648519581154930e-02,-1.388597550836633866e-02,1.038807067803824459e-02,2.528438252589304547e-02,1.987527574384182968e-02,-8.408903442913038618e-04,-9.319854544587688125e-03,-8.408903442913038618e-04,1.987527574384182968e-02,2.528438252589304547e-02,-7.087315005759624829e-03,-1.470001795057631483e-02,1.429295793758992433e-02,-5.940705227839035950e-03,-2.197309280671240483e-02,-2.292960284234868071e-02,-9.858262726418598465e-03,-3.696886113730231318e-03,-9.858262726418598465e-03,-2.292960284234868071e-02,-2.197309280671240483e-02,6.555933418245862322e-03,1.635725735705285261e-02,-1.197132922336893723e-02,-3.327376792205836899e-04,1.785631898408491722e-02,2.390498811494789003e-02,1.724835015476007538e-02,1.333472899406092788e-02,1.724835015476007538e-02,2.390498811494789003e-02,1.785631898408491722e-02,-7.499431737660433583e-03,-1.653489029223130166e-02,9.333692014875912338e-03,5.391812726991648472e-03,-1.298702818079362775e-02,-2.261533821474004044e-02,-2.108803019740129736e-02,-1.916496423580199560e-02,-2.108803019740129736e-02,-2.261533821474004044e-02,-1.298702818079362775e-02,9.266757101423734461e-03,1.595919874274313519e-02,-7.410549813256245982e-03,-8.568569679298492295e-03
9.702421764291844792e-04,3.974839333511074636e-03,-1.997447550511758166e-02,1.096301729363640537e-01,5.676399582093548668e-01,1.096301729363640537e-01,-1.997447550511758166e-02,3.974839333511074636e-03,9.702421764291844792e-04,-2.623372763727648514e-03,2.949155587566014685e-03,6.841320811974851632e-03,-1.089198843951182452e-02,2.521539315573190221e-02,-8.937812145042886569e-02,-1.492071622192295832e-01,-8.937812145042886569e-02,2.521539315573190221e-02,-1.089198843951182452e-02,6.841320811974851632e-03,-4.973933637436642359e-03,3.709348997511776203e-03,3.073266107797313455e-03,-9.853941317126721326e-04,-2.083515188604394969e-02,8.465131028133138225e-02,9.679065212992248035e-02,8.465131028133138225e-02,-2.083515188604394969e-02,-9.853941317126721326e-04,3.073266107797313455e-03,-2.073706464977152081e-03,9.742048301323467593e-04,-1.680091379183239197e-02,1.906303365973212316e-02,1.029314990207150921e-02,-6.537105477726243286e-02,-7.695652011565685957e-02,-6.537105477726243286e-02,1.029314990207150921e-02,1.906303365973212316e-02,-1.680091379183239197e-02,1.127519141355234379e-02,-7.538070521757670936e-03,1.950990746297312159e-02,-2.782789014702496955e-02,-7.631153975995049431e-03,4.691936827001250837e-02,5.952609870853374507e-02,4.691936827001250837e-02,-7.631153975995049431e-03,-2.782789014702496955e-02,1.950990746297312159e-02,-8.544601149784588137e-03,3.049811915769369552e-03,-1.470788907532208888e-02,2.921934071315867437e-02,1.055102429190944886e-02,-2.986312833022914531e-02,-4.200543117512970520e-02,-2.986312833022914531e-02,1.055102429190944886e-02,2.921934071315867437e-02,-1.470788907532208888e-02,-1.757515595090268804e-03,7.688440340678152733e-03,9.766391762917797648e-03,-2.780286835583290275e-02,-1.535234243209243447e-02,1.431127291874193137e-02,2.490899750560026174e-02,1.431127291874193137e-02,-1.535234243209243447e-02,-2.780286835583290275e-02,9.766391762917797648e-03,1.023648519581154930e-02,-1.388597550836633866e-02,-7.087315005759624829e-03,2.528438252589304547e-02,1.987527574384182968e-02,-8.408903442913038618e-04,-9.319854544587688125e-03,-8.408903442913038618e-04,1.987527574384182968e-02,2.528438252589304547e-02,-7.087315005759624829e-03,-1.470001795057631483e-02,1.429295793758992433e-02,6.555933418245862322e-03,-2.197309280671240483e-02,-2.292960284234868071e-02,-9.858262726418598465e-03,-3.696886113730231318e-03,-9.858262726418598465e-03,-2.292960284234868071e-02,-2.197309280671240483e-02,6.555933418245862322e-03,1.635725735705285261e-02,-1.197132922336893723e-02,-7.499431737660433583e-03,1.785631898408491722e-02,2.390498811494789003e-02,1.724835015476007538e-02,1.333472899406092788e-02,1.724835015476007538e-02,2.390498811494789003e-02,1.785631898408491722e-02,-7.499431737660433583e-03,-1.653489029223130166e-02,9.333692014875912338e-03,9.266757101423734461e-03,-1.298702818079362775e-02,-2.261533821474004044e-02,-2.108803019740129736e-02,-1.916496423580199560e-02,-2.108803019740129736e-02,-2.261533821474004044e-02,-1.298702818079362775e-02,9.266757101423734461e-03,1.595919874274313519e-02,-7.410549813256245982e-03
-2.623372763727648514e-03,9.702421764291844792e-04,3.974839333511074636e-03,-1.997447550511758166e-02,1.096301729363640537e-01,5.676399582093548668e-01,1.096301729363640537e-01,-1.997447550511758166e-02,3.974839333511074636e-03,9.702421764291844792e-04,-2.623372763727648514e-03,-4.973933637436642359e-03,6.841320811974851632e-03,-1.089198843951182452e-02,2.521539315573190221e-02,-8.937812145042886569e-02,-1.492071622192295832e-01,-8.937812145042886569e-02,2.521539315573190221e-02,-1.089198843951182452e-02,6.841320811974851632e-03,-4.973933637436642359e-03,-2.073706464977152081e-03,3.073266107797313455e-03,-9.853941317126721326e-04,-2.083515188604394969e-02,8.465131028133138225e-02,9.679065212992248035e-02,8.465131028133138225e-02,-2.083515188604394969e-02,-9.853941317126721326e-04,3.073266107797313455e-03,-2.073706464977152081e-03,1.127519141355234379e-02,-1.680091379183239197e-02,1.906303365973212316e-02,1.029314990207150921e-02,-6.537105477726243286e-02,-7.695652011565685957e-02,-6.537105477726243286e-02,1.029314990207150921e-02,1.906303365973212316e-02,-1.680091379183239197e-02,1.127519141355234379e-02,-8.544601149784588137e-03,1.950990746297312159e-02,-2.782789014702496955e-02,-7.631153975995049431e-03,4.691936827001250837e-02,5.952609870853374507e-02,4.691936827001250837e-02,-7.631153975995049431e-03,-2.782789014702496955e-02,1.950990746297312159e-02,-8.544601149784588137e-03,-1.757515595090268804e-03,-1.470788907532208888e-02,2.921934071315867437e-02,1.055102429190944886e-02,-2.986312833022914531e-02,-4.200543117512970520e-02,-2.986312833022914531e-02,1.055102429190944886e-02,2.921934071315867437e-02,-1.470788907532208888e-02,-1.757515595090268804e-03,1.023648519581154930e-02,9.766391762917797648e-03,-2.780286835583290275e-02,-1.535234243209243447e-02,1.431127291874193137e-02,2.490899750560026174e-02,1.431127291874193137e-02,-1.535234243209243447e-02,-2.780286835583290275e-02,9.766391762917797648e-03,1.023648519581154930e-02,-1.470001795057631483e-02,-7.087315005759624829e-03,2.528438252589304547e-02,1.987527574384182968e-02,-8.408903442913038618e-04,-9.319854544587688125e-03,-8.408903442913038618e-04,1.987527574384182968e-02,2.528438252589304547e-02,-7.087315005759624829e-03,-1.470001795057631483e-02,1.635725735705285261e-02,6.555933418245862322e-03,-2.197309280671240483e-02,-2.292960284234868071e-02,-9.858262726418598465e-03,-3.696886113730231318e-03,-9.858262726418598465e-03,-2.292960284234868071e-02,-2.197309280671240483e-02,6.555933418245862322e-03,1.635725735705285261e-02,-1.653489029223130166e-02,-7.499431737660433583e-03,1.785631898408491722e-02,2.390498811494789003e-02,1.724835015476007538e-02,1.333472899406092788e-02,1.724835015476007538e-02,2.390498811494789003e-02,1.785631898408491722e-02,-7.499431737660433583e-03,-1.653489029223130166e-02,1.595919874274313519e-02,9.266757101423734461e-03,-1.298702818079362775e-02,-2.261533821474004044e-02,-2.108803019740129736e-02,-1.916496423580199560e-02,-2.108803019740129736e-02,-2.261533821474004044e-02,-1.298702818079362775e-02,9.266757101423734461e-03,1.595919874274313519e-02
2.949155587566014685e-03,-2.623372763727648514e-03,9.702421764291844792e-04,3.974839333511074636e-03,-1.997447550511758166e-02,1.096301729363640537e-01,5.676399582093548668e-01,1.096301729363640537e-01,-1.997447550511758166e-02,3.974839333511074636e-03,9.702421764291844792e-04,3.709348997511776203e-03,-4.973933637436642359e-03,6.841320811974851632e-03,-1.089198843951182452e-02,2.521539315573190221e-02,-8.937812145042886569e-02,-1.492071622192295832e-01,-8.937812145042886569e-02,2.521539315573190221e-02,-1.089198843951182452e-02,6.841320811974851632e-03,9.742048301323467593e-04,-2.073706464977152081e-03,3.073266107797313455e-03,-9.853941317126721326e-04,-2.083515188604394969e-02,8.465131028133138225e-02,9.679065212992248035e-02,8.465131028133138225e-02,-2.083515188604394969e-02,-9.853941317126721326e-04,3.073266107797313455e-03,-7.538070521757670936e-03,1.127519141355234379e-02,-1.680091379183239197e-02,1.906303365973212316e-02,1.029314990207150921e-02,-6.537105477726243286e-02,-7.695652011565685957e-02,-6.537105477726243286e-02,1.029314990207150921e-02,1.906303365973212316e-02,-1.680091379183239197e-02,3.049811915769369552e-03,-8.544601149784588137e-03,1.950990746297312159e-02,-2.782789014702496955e-02,-7.631153975995049431e-03,4.691936827001250837e-02,5.952609870853374507e-02,4.691936827001250837e-02,-7.631153975995049431e-03,-2.782789014702496955e-02,1.950990746297312159e-02,7.688440340678152733e-03,-1.757515595090268804e-03,-1.470788907532208888e-02,2.921934071315867437e-02,1.055102429190944886e-02,-2.986312833022914531e-02,-4.200543117512970520e-02,-2.986312833022914531e-02,1.055102429190944886e-02,2.921934071315867437e-02,-1.470788907532208888e-02,-1.388597550836633866e-02,1.023648519581154930e-02,9.766391762917797648e-03,-2.780286835583290275e-02,-1.535234243209243447e-02,1.431127291874193137e-02,2.490899750560026174e-02,1.431127291874193137e-02,-1.535234243209243447e-02,-2.780286835583290275e-02,9.766391762917797648e-03,1.429295793758992433e-02,-1.470001795057631483e-02,-7.087315005759624829e-03,2.528438252589304547e-02,1.987527574384182968e-02,-8.408903442913038618e-04,-9.319854544587688125e-03,-8.408903442913038618e-04,1.987527574384182968e-02,2.528438252589304547e-02,-7.087315005759624829e-03,-1.197132922336893723e-02,1.635725735705285261e-02,6.555933418245862322e-03,-2.197309280671240483e-02,-2.292960284234868071e-02,-9.858262726418598465e-03,-3.696886113730231318e-03,-9.858262726418598465e-03,-2.292960284234868071e-02,-2.197309280671240483e-02,6.555933418245862322e-03,9.333692014875912338e-03,-1.653489029223130166e-02,-7.499431737660433583e-03,1.785631898408491722e-02,2.390498811494789003e-02,1.724835015476007538e-02,1.333472899406092788e-02,1.724835015476007538e-02,2.390498811494789003e-02,1.785631898408491722e-02,-7.499431737660433583e-03,-7.410549813256245982e-03,1.595919874274313519e-02,9.266757101423734461e-03,-1.298702818079362775e-02,-2.261533821474004044e-02,-2.108803019740129736e-02,-1.916496423580199560e-02,-2.108803019740129736e-02,-2.261533821474004044e-02,-1.298702818079362775e-02,9.266757101423734461e-03
-2.664288151936811556e-03,2.949155587566014685e-03,-2.623372763727648514e-03,9.702421764291844792e-04,3.974839333511074636e-03,-1.997447550511758166e-02,1.096301729363640537e-01,5.676399582093548668e-01,1.096301729363640537e-01,-1.997447550511758166e-02,3.974839333511074636e-03,-2.674140845889232121e-03,3.709348997511776203e-03,-4.973933637436642359e-03,6.841320811974851632e-03,-1.089198843951182452e-02,2.521539315573190221e-02,-8.937812145042886569e-02,-1.492071622192295832e-01,-8.937812145042886569e-02,2.521539315573190221e-02,-1.089198843951182452e-02,-1.504004754792114744e-04,9.742048301323467593e-04,-2.073706464977152081e-03,3.073266107797313455e-03,-9.853941317126721326e-04,-2.083515188604394969e-02,8.465131028133138225e-02,9.679065212992248035e-02,8.465131028133138225e-02,-2.083515188604394969e-02,-9.853941317126721326e-04,5.269552313930805226e-03,-7.538070521757670936e-03,1.127519141355234379e-02,-1.680091379183239197e-02,1.906303365973212316e-02,1.029314990207150921e-02,-6.537105477726243286e-02,-7.695652011565685957e-02,-6.537105477726243286e-02,1.029314990207150921e-02,1.906303365973212316e-02,-9.912300203098703844e-04,3.049811915769369552e-03,-8.544601149784588137e-03,1.950990746297312159e-02,-2.782789014702496955e-02,-7.631153975995049431e-03,4.691936827001250837e-02,5.952609870853374507e-02,4.691936827001250837e-02,-7.631153975995049431e-03,-2.782789014702496955e-02,-8.068347265623936060e-03,7.688440340678152733e-03,-1.757515595090268804e-03,-1.470788907532208888e-02,2.921934071315867437e-02,1.055102429190944886e-02,-2.986312833022914531e-02,-4.200543117512970520e-02,-2.986312833022914531e-02,1.055102429190944886e-02,2.921934071315867437e-02,1.038807067803824459e-02,-1.388597550836633866e-02,1.023648519581154930e-02,9.766391762917797648e-03,-2.780286835583290275e-02,-1.535234243209243447e-02,1.431127291874193137e-02,2.490899750560026174e-02,1.431127291874193137e-02,-1.535234243209243447e-02,-2.780286835583290275e-02,-5.940705227839035950e-03,1.429295793758992433e-02,-1.470001795057631483e-02,-7.087315005759624829e-03,2.528438252589304547e-02,1.987527574384182968e-02,-8.408903442913038618e-04,-9.319854544587688125e-03,-8.408903442913038618e-04,1.987527574384182968e-02,2.528438252589304547e-02,-3.327376792205836899e-04,-1.197132922336893723e-02,1.635725735705285261e-02,6.555933418245862322e-03,-2.197309280671240483e-02,-2.292960284234868071e-02,-9.858262726418598465e-03,-3.696886113730231318e-03,-9.858262726418598465e-03,-2.292960284234868071e-02,-2.197309280671240483e-02,5.391812726991648472e-03,9.333692014875912338e-03,-1.653489029223130166e-02,-7.499431737660433583e-03,1.785631898408491722e-02,2.390498811494789003e-02,1.724835015476007538e-02,1.333472899406092788e-02,1.724835015476007538e-02,2.390498811494789003e-02,1.785631898408491722e-02,-8.568569679298492295e-03,-7.410549813256245982e-03,1.595919874274313519e-02,9.266757101423734461e-03,-1.298702818079362775e-02,-2.261533821474004044e-02,-2.108803019740129736e-02,-1.916496423580199560e-02,-2.108803019740129736e-02,-2.261533821474004044e-02,-1.298702818079362775e-02
2.103114323548571293e-03,-2.664288151936811556e-03,2.949155587566014685e-03,-2.623372763727648514e-03,9.702421764291844792e-04,3.974839333511074636e-03,-1.997447550511758166e-02,1.096301729363640537e-01,5.676399582093548668e-01,1.096301729363640537e-01,-1.997447550511758166e-02,1.779717700349106287e-03,-2.674140845889232121e-03,3.709348997511776203e-03,-4.973933637436642359e-03,6.841320811974851632e-03,-1.089198843951182452e-02,2.521539315573190221e-02,-8.937812145042886569e-02,-1.492071622192295832e-01,-8.937812145042886569e-02,2.521539315573190221e-02,-4.153989119109768890e-04,-1.504004754792114744e-04,9.742048301323467593e-04,-2.073706464977152081e-03,3.073266107797313455e-03,-9.853941317126721326e-04,-2.083515188604394969e-02,8.465131028133138225e-02,9.679065212992248035e-02,8.465131028133138225e-02,-2.083515188604394969e-02,-3.825893471177072101e-03,5.269552313930805226e-03,-7.538070521757670936e-03,1.127519141355234379e-02,-1.680091379183239197e-02,1.906303365973212316e-02,1.029314990207150921e-02,-6.537105477726243286e-02,-7.695652011565685957e-02,-6.537105477726243286e-02,1.029314990207150921e-02,4.345057725972513267e-04,-9.912300203098703844e-04,3.049811915769369552e-03,-8.544601149784588137e-03,1.950990746297312159e-02,-2.782789014702496955e-02,-7.631153975995049431e-03,4.691936827001250837e-02,5.952609870853374507e-02,4.691936827001250837e-02,-7.631153975995049431e-03,6.826203485158863909e-03,-8.068347265623936060e-03,7.688440340678152733e-03,-1.757515595090268804e-03,-1.470788907532208888e-02,2.921934071315867437e-02,1.055102429190944886e-02,-2.986312833022914531e-02,-4.200543117512970520e-02,-2.986312833022914531e-02,1.055102429190944886e-02,-6.376279769254338502e-03,1.038807067803824459e-02,-1.388597550836633866e-02,1.023648519581154930e-02,9.766391762917797648e-03,-2.780286835583290275e-02,-1.535234243209243447e-02,1.431127291874193137e-02,2.490899750560026174e-02,1.431127291874193137e-02,-1.535234243209243447e-02,-5.359611849793808258e-04,-5.940705227839035950e-03,1.429295793758992433e-02,-1.470001795057631483e-02,-7.087315005759624829e-03,2.528438252589304547e-02,1.987527574384182968e-02,-8.408903442913038618e-04,-9.319854544587688125e-03,-8.408903442913038618e-04,1.987527574384182968e-02,7.283407264790088716e-03,-3.327376792205836899e-04,-1.197132922336893723e-02,1.635725735705285261e-02,6.555933418245862322e-03,-2.197309280671240483e-02,-2.292960284234868071e-02,-9.858262726418598465e-03,-3.696886113730231318e-03,-9.858262726418598465e-03,-2.292960284234868071e-02,-1.075864514718563938e-02,5.391812726991648472e-03,9.333692014875912338e-03,-1.653489029223130166e-02,-7.499431737660433583e-03,1.785631898408491722e-02,2.390498811494789003e-02,1.724835015476007538e-02,1.333472899406092788e-02,1.724835015476007538e-02,2.390498811494789003e-02,1.130152158161125582e-02,-8.568569679298492295e-03,-7.410549813256245982e-03,1.595919874274313519e-02,9.266757101423734461e-03,-1.298702818079362775e-02,-2.261533821474004044e-02,-2.108803019740129736e-02,-1.916496423580199560e-02,-2.108803019740129736e-02,-2.261533821474004044e-02
-1.450233687059830244e-03,2.103114323548571293e-03,-2.664288151936811556e-03,2.949155587566014685e-03,-2.623372763727648514e-03,9.702421764291844792e-04,3.974839333511074636e-03,-1.997447550511758166e-02,1.096301729363640537e-01,5.676399582093548668e-01,1.096301729363640537e-01,-1.015690720665595424e-03,1.779717700349106287e-03,-2.674140845889232121e-03,3.709348997511776203e-03,-4.973933637436642359e-03,6.841320811974851632e-03,-1.089198843951182452e-02,2.521539315573190221e-02,-8.937812145042886569e-02,-1.492071622192295832e-01,-8.937812145042886569e-02,7.760405006802703317e-04,-4.153989119109768890e-04,-1.504004754792114744e-04,9.742048301323467593e-04,-2.073706464977152081e-03,3.073266107797313455e-03,-9.853941317126721326e-04,-2.083515188604394969e-02,8.465131028133138225e-02,9.679065212992248035e-02,8.465131028133138225e-02,2.822874896435118800e-03,-3.825893471177072101e-03,5.269552313930805226e-03,-7.538070521757670936e-03,1.127519141355234379e-02,-1.680091379183239197e-02,1.906303365973212316e-02,1.029314990207150921e-02,-6.537105477726243286e-02,-7.695652011565685957e-02,-6.537105477726243286e-02,-4.431118342074173298e-04,4.345057725972513267e-04,-9.912300203098703844e-04,3.049811915769369552e-03,-8.544601149784588137e-03,1.950990746297312159e-02,-2.782789014702496955e-02,-7.631153975995049431e-03,4.691936827001250837e-02,5.952609870853374507e-02,4.691936827001250837e-02,-5.448033016211464158e-03,6.826203485158863909e-03,-8.068347265623936060e-03,7.688440340678152733e-03,-1.757515595090268804e-03,-1.470788907532208888e-02,2.921934071315867437e-02,1.055102429190944886e-02,-2.986312833022914531e-02,-4.200543117512970520e-02,-2.986312833022914531e-02,3.645820356321187537e-03,-6.376279769254338502e-03,1.038807067803824459e-02,-1.388597550836633866e-02,1.023648519581154930e-02,9.766391762917797648e-03,-2.780286835583290275e-02,-1.535234243209243447e-02,1.431127291874193137e-02,2.490899750560026174e-02,1.431127291874193137e-02,3.642321552757911505e-03,-5.359611849793808258e-04,-5.940705227839035950e-03,1.429295793758992433e-02,-1.470001795057631483e-02,-7.087315005759624829e-03,2.528438252589304547e-02,1.987527574384182968e-02,-8.408903442913038618e-04,-9.319854544587688125e-03,-8.408903442913038618e-04,-8.559247167307614673e-03,7.283407264790088716e-03,-3.327376792205836899e-04,-1.197132922336893723e-02,1.635725735705285261e-02,6.555933418245862322e-03,-2.197309280671240483e-02,-2.292960284234868071e-02,-9.858262726418598465e-03,-3.696886113730231318e-03,-9.858262726418598465e-03,8.502558095939357491e-03,-1.075864514718563938e-02,5.391812726991648472e-03,9.333692014875912338e-03,-1.653489029223130166e-02,-7.499431737660433583e-03,1.785631898408491722e-02,2.390498811494789003e-02,1.724835015476007538e-02,1.333472899406092788e-02,1.724835015476007538e-02,-5.247049439237059208e-03,1.130152158161125582e-02,-8.568569679298492295e-03,-7.410549813256245982e-03,1.595919874274313519e-02,9.266757101423734461e-03,-1.298702818079362775e-02,-2.261533821474004044e-02,-2.108803019740129736e-02,-1.916496423580199560e-02,-2.108803019740129736e-02
8.173552431787171500e-04,-1.450233687059830244e-03,2.103114323548571293e-03,-2.664288151936811556e-03,2.949155587566014685e-03,-2.623372763727648514e-03,9.702421764291844792e-04,3.974839333511074636e-03,-1.997447550511758166e-02,1.096301729363640537e-01,5.676399582093548668e-01,3.914030971804047482e-04,-1.015690720665595424e-03,1.779717700349106287e-03,-2.674140845889232121e-03,3.709348997511776203e-03,-4.973933637436642359e-03,6.841320811974851632e-03,-1.089198843951182452e-02,2.521539315573190221e-02,-8.937812145042886569e-02,-1.492071622192295832e-01,-9.729229537416204899e-04,7.760405006802703317e-04,-4.153989119109768890e-04,-1.504004754792114744e-04,9.742048301323467593e-04,-2.073706464977152081e-03,3.073266107797313455e-03,-9.853941317126721326e-04,-2.083515188604394969e-02,8.465131028133138225e-02,9.679065212992248035e-02,-2.064578879910310485e-03,2.822874896435118800e-03,-3.825893471177072101e-03,5.269552313930805226e-03,-7.538070521757670936e-03,1.127519141355234379e-02,-1.680091379183239197e-02,1.906303365973212316e-02,1.029314990207150921e-02,-6.537105477726243286e-02,-7.695652011565685957e-02,6.263650717139272609e-04,-4.431118342074173298e-04,4.345057725972513267e-04,-9.912300203098703844e-04,3.049811915769369552e-03,-8.544601149784588137e-03,1.950990746297312159e-02,-2.782789014702496955e-02,-7.631153975995049431e-03,4.691936827001250837e-02,5.952609870853374507e-02,4.301464625417715515e-03,-5.448033016211464158e-03,6.826203485158863909e-03,-8.068347265623936060e-03,7.688440340678152733e-03,-1.757515595090268804e-03,-1.470788907532208888e-02,2.921934071315867437e-02,1.055102429190944886e-02,-2.986312833022914531e-02,-4.200543117512970520e-02,-2.116830366443805522e-03,3.645820356321187537e-03,-6.376279769254338502e-03,1.038807067803824459e-02,-1.388597550836633866e-02,1.023648519581154930e-02,9.766391762917797648e-03,-2.780286835583290275e-02,-1.535234243209243447e-02,1.431127291874193137e-02,2.490899750560026174e-02,-4.558545105882875169e-03,3.642321552757911505e-03,-5.359611849793808258e-04,-5.940705227839035950e-03,1.429295793758992433e-02,-1.470001795057631483e-02,-7.087315005759624829e-03,2.528438252589304547e-02,1.987527574384182968e-02,-8.408903442913038618e-04,-9.319854544587688125e-03,7.194723048991906976e-03,-8.559247167307614673e-03,7.283407264790088716e-03,-3.327376792205836899e-04,-1.197132922336893723e-02,1.635725735705285261e-02,6.555933418245862322e-03,-2.197309280671240483e-02,-2.292960284234868071e-02,-9.858262726418598465e-03,-3.696886113730231318e-03,-4.132202727573437012e-03,8.502558095939357491e-03,-1.075864514718563938e-02,5.391812726991648472e-03,9.333692014875912338e-03,-1.653489029223130166e-02,-7.499431737660433583e-03,1.785631898408491722e-02,2.390498811494789003e-02,1.724835015476007538e-02,1.333472899406092788e-02,-1.245745986094337404e-03,-5.247049439237059208e-03,1.130152158161125582e-02,-8.568569679298492295e-03,-7.410549813256245982e-03,1.595919874274313519e-02,9.266757101423734461e-03,-1.298702818079362775e-02,-2.261533821474004044e-02,-2.108803019740129736e-02,-1.916496423580199560e-02
-1.492071622192295832e-01,-8.937812145042886569e-02,2.521539315573190221e-02,-1.089198843951182452e-02,6.841320811974851632e-03,-4.973933637436642359e-03,3.709348997511776203e-03,-2.674140845889232121e-03,1.779717700349106287e-03,-1.015690720665595424e-03,3.914030971804047482e-04,5.676399582093548668e-01,1.096301729363640537e-01,-1.997447550511758166e-02,3.974839333511074636e-03,9.702421764291844792e-04,-2.623372763727648514e-03,2.949155587566014685e-03,-2.664288151936811556e-03,2.103114323548571293e-03,-1.450233687059830244e-03,8.173552431787171500e-04,-1.492071622192295832e-01,-8.937812145042886569e-02,2.521539315573190221e-02,-1.089198843951182452e-02,6.841320811974851632e-03,-4.973933637436642359e-03,3.709348997511776203e-03,-2.674140845889232121e-03,1.779717700349106287e-03,-1.015690720665595424e-03,3.914030971804047482e-04,9.679065212992248035e-02,8.465131028133138225e-02,-2.083515188604394969e-02,-9.853941317126721326e-04,3.073266107797313455e-03,-2.073706464977152081e-03,9.742048301323467593e-04,-1.504004754792114744e-04,-4.153989119109768890e-04,7.760405006802703317e-04,-9.729229537416204899e-04,-7.695652011565685957e-02,-6.537105477726243286e-02,1.029314990207150921e-02,1.906303365973212316e-02,-1.680091379183239197e-02,1.127519141355234379e-02,-7.538070521757670936e-03,5.269552313930805226e-03,-3.825893471177072101e-03,2.822874896435118800e-03,-2.064578879910310485e-03,5.952609870853374507e-02,4.691936827001250837e-02,-7.631153975995049431e-03,-2.782789014702496955e-02,1.950990746297312159e-02,-8.544601149784588137e-03,3.049811915769369552e-03,-9.912300203098703844e-04,4.345057725972513267e-04,-4.431118342074173298e-04,6.263650717139272609e-04,-4.200543117512970520e-02,-2.986312833022914531e-02,1.055102429190944886e-02,2.921934071315867437e-02,-1.470788907532208888e-02,-1.757515595090268804e-03,7.688440340678152733e-03,-8.068347265623936060e-03,6.826203485158863909e-03,-5.448033016211464158e-03,4.301464625417715515e-03,2.490899750560026174e-02,1.431127291874193137e-02,-1.535234243209243447e-02,-2.780286835583290275e-02,9.766391762917797648e-03,1.023648519581154930e-02,-1.388597550836633866e-02,1.038807067803824459e-02,-6.376279769254338502e-03,3.645820356321187537e-03,-2.116830366443805522e-03,-9.319854544587688125e-03,-8.408903442913038618e-04,1.987527574384182968e-02,2.528438252589304547e-02,-7.087315005759624829e-03,-1.470001795057631483e-02,1.429295793758992433e-02,-5.940705227839035950e-03,-5.359611849793808258e-04,3.642321552757911505e-03,-4.558545105882875169e-03,-3.696886113730231318e-03,-9.858262726418598465e-03,-2.292960284234868071e-02,-2.197309280671240483e-02,6.555933418245862322e-03,1.635725735705285261e-02,-1.197132922336893723e-02,-3.327376792205836899e-04,7.283407264790088716e-03,-8.559247167307614673e-03,7.194723048991906976e-03,1.333472899406092788e-02,1.724835015476007538e-02,2.390498811494789003e-02,1.785631898408491722e-02,-7.499431737660433583e-03,-1.653489029223130166e-02,9.333692014875912338e-03,5.391812726991648472e-03,-1.075864514718563938e-02,8.502558095939357491e-03,-4.132202727573437012e-03
