7.435367197910100145e+00,6.531190206152839295e+00,5.980614051948434984e+00,6.131632707811843552e+00,6.400850102701866717e+00,6.295291218090440566e+00,6.088827167243988647e+00,6.119061705562453213e+00,6.046189573937664541e+00
6.531190206152839295e+00,7.592765846273125341e+00,6.531190206152836630e+00,6.401042205562280429e+00,6.223615945064532085e+00,6.401042205562280429e+00,6.119028617881425269e+00,6.247908059456331209e+00,6.119028617881425269e+00
5.980614051948434984e+00,6.531190206152836630e+00,7.435367197910100145e+00,6.295291218090440566e+00,6.400850102701866717e+00,6.131632707811843552e+00,6.046189573937664541e+00,6.119061705562453213e+00,6.088827167243988647e+00
6.131632707811843552e+00,6.401042205562280429e+00,6.295291218090440566e+00,7.541201203179605628e+00,6.637010102145737278e+00,6.088584343082914963e+00,6.113772048514209523e+00,6.381802483355939692e+00,6.276461209981368583e+00
6.400850102701866717e+00,6.223615945064532085e+00,6.400850102701866717e+00,6.637010102145737278e+00,7.702429611628581085e+00,6.637010102145709745e+00,6.381569654322031937e+00,6.204954955959664176e+00,6.381569654322031937e+00
6.295291218090440566e+00,6.401042205562280429e+00,6.131632707811843552e+00,6.088584343082914963e+00,6.637010102145709745e+00,7.541201203179605628e+00,6.276461209981368583e+00,6.381802483355939692e+00,6.113772048514209523e+00
6.088827167243988647e+00,6.119028617881425269e+00,6.046189573937664541e+00,6.113772048514209523e+00,6.381569654322031937e+00,6.276461209981368583e+00,7.397106513876358314e+00,6.494417664889835962e+00,5.943995365490931881e+00
6.119061705562453213e+00,6.247908059456331209e+00,6.119061705562453213e+00,6.381802483355939692e+00,6.204954955959664176e+00,6.381802483355939692e+00,6.494417664889835962e+00,7.554511109756787413e+00,6.494417664889795105e+00
6.046189573937664541e+00,6.119028617881425269e+00,6.088827167243988647e+00,6.276461209981368583e+00,6.381569654322031937e+00,6.113772048514209523e+00,5.943995365490931881e+00,6.494417664889795105e+00,7.397106513876358314e+00
